fx = -640.0 / (2 * np.tan(58.0/2) * np.pi / 180.0)
fy = -480 / (2 * np.tan(45.0/2) * np.pi / 180.0)
K = np.array([[-fx, 0, 320.0],[0, -fy, 240.0],[0,0,1]])

 K
array([[  2.06670770e+04,   0.00000000e+00,   3.20000000e+02],
       [  0.00000000e+00,   2.46498955e+04,   2.40000000e+02],
       [  0.00000000e+00,   0.00000000e+00,   1.00000000e+00]])



Kinv
array([[  4.83861361e-05,   0.00000000e+00,  -1.54835636e-02],
       [  0.00000000e+00,   4.05681233e-05,  -9.73634959e-03],
       [  0.00000000e+00,   0.00000000e+00,   1.00000000e+00]])

